,id,url,code,title,userId,date,summary,text,numComments,status,numSupports,isAssociation
0,7,/proposals/7-limpiar-las-calles,MAD-2015-09-7,Limpiar las calles,9884,2015-09-15,Algo tan básico como limpiar.,,188,archived,6560,0
1,19,/proposals/19-unir-el-centro-con-madrid-rio-de-forma-peatonal,MAD-2015-09-19,Unir el centro con Madrid Río de forma peatonal,2780,2015-09-15,"El centro turístico y comercial de Madrid está sólo a 700 metros de la Casa de Campo y de Madrid Rio, pero las conexiones a él son terribles. Propongo unirlo con calles peatonales y arboladas.","En Madrid tenemos la suerte de tener la Casa de Campo muy cerca del centro de la ciudad. Sólo 700 metros separan el pulmón verde de la capital con Plaza de España y la Gran Vía a través de la cuesta de San Vicente, pero curiosamente, los Madrileños y turistas no usan esta vía para disfrutar de Madrid Rio o la Casa de Campo, ya que la calle Cuesta de San Vicente u otras que conectan el centro con la casa de campo están tremendamente contaminadas y son peligrosas para circular con bicicleta. Peligrosas en dos sentidos: 1 El peligro físico, ya que los coches van a una velocidad tremenda y en el túnel de Ferraz hay tráfico e incidentes y 2 el peligro al que nos expone la contaminación de los coches. Subir la cuesta con la bicicleta o andando, genera una sensación de malestar  producido por la contaminación. Me imagino que para la gente que corre en Madrid Río será peor aún, ya que después de hacer ejercicio la contaminación afecta más.   Esta calle es especialmente peligrosa en este sentido porque se unen dos factores: La entrada de la Nacional 5 con el tráfico que eso conlleva y que la cuesta es muy pronunciada, haciendo que los coches consuman más gasolina y generen más emisiones.   Con mi propuesta pido que se estudie una solución para esta vía y otras paralelas. No sé si la solución es el soterramiento, ya que es muy costoso, o si es la de priorizar el servicio público y peatonal, y desviar el tráfico por otras entradas a la capital.  .",20,archived,906,0
2,50,/proposals/50-carril-bici-por-la-castellana,MAD-2015-09-50,Carril bicicleta por la Castellana,9996,2015-09-15,"Ir en bicicleta por la Castellana es peligroso, y dado que hay suficiente espacio en el bulevar peatonal o en la calzada lateral sería sencillo y barato hacer un carril bicicleta.",La Castellana es el eje central y fundamental para la movilidad en Madrid. No obstante ir en bicicleta es muy peligroso dado la intensidad del tráfico y la velocidad que alcanzan los vehículos.   Es por esto que sería importante para mejorar la movilidad de los ciclistas y de los propios vehículos a motor crear una vía separada para ciclistas ya sea en el bulervar peatonal o en la calzada lateral.,99,archived,7908,0
3,61,/proposals/61-restablecer-iluminacion-en-carreteras,MAD-2015-09-61,Restablecer iluminación en carreteras,10018,2015-09-15,Hace unos años el ayuntamiento decidió apagar farolas en distintas zonas de carretera para así poder ahorrar en la factura de la luz. Creo que se debería restablecer la iluminación en estos puntos.,"Creo que es bastante importante que las carreteras de nuestra ciudad estén bien iluminadas, sobre todo en tramos de gran afluencia de tráfico.   Mi propuesta es la de restablecer la iluminación en las zonas donde fue suprimida. Es cierto que puede haber zonas o franjas horarias con muy poco tráfico, para lo cual se podría establecer un horario de iluminación, como por ejemplo, mantener las farolas encendidas hasta las 0.30h y apagarlas de nuevo hasta primera hora de la mañana las 6.00h, por ejemplo cuando el tráfico vuelva a intensificarse.",10,archived,55,0
4,72,/proposals/72-cierre-de-los-centros-comerciales-domingos-y-festivos,MAD-2015-09-72,Cierre de los centros comerciales domingos y festivos,10074,2015-09-15,"Regularización de horaraios en comercios domingos y festivos, ya que los trabajadores están actualmente soportando turnos que no permiten disfrutar de la vida familiar.",,48,archived,1320,0
5,86,/proposals/86-reciclaje-aceite-de-cocina,MAD-2015-09-86,Reciclaje aceite de cocina,10147,2015-09-15,Instalación de contenedores para el reciclaje del aceite de cocina.,,66,archived,7965,0
6,89,/proposals/89-servicio-de-recogida-de-muebles-y-electrodomesticos,MAD-2015-09-89,Servicio de recogida de muebles y electrodomésticos,10175,2015-09-15,Pedimos la vuelta del servicio de recogida de muebles y electrodomésticos que existía antes para evitar suciedad y más basura.,,27,archived,1573,0
7,109,/proposals/109-limpieza-de-graffitis-y-remodelacion-de-aluche,MAD-2015-09-109,Limpieza de graffitis y remodelación de aluche,126,2015-09-15,Los vecinos de Aluche vemos día tras día como nuestro querido barrio está cada vez más sucio y descuidado.,"Los vecinos de Aluche vemos día tras día como nuestro querido barrio está cada vez más sucio y descuidado. Graffitis y basura por todas partes, aceras rotas, baches en la carretera, zonas de jardines destrozadas.",59,archived,315,0
8,152,/proposals/152-instalacion-de-placas-solares-en-tejados,MAD-2015-09-152,Instalación de placas solares en tejados,10406,2015-09-15,"Sería un ahorro de energía considerable que repercutiría en el dinero que gastamos en electricidad todos los meses, pagando los mayores precios de Europa, además ahorraríamos mucho CO2 a la atmósfera.",,58,archived,7650,0
9,417,/proposals/417-gratuidad-del-tlf-010-inf-ayuntamiento-y-092-policia-local,MAD-2015-09-417,Gratuidad del tlf 010 Inf. Ayuntamiento y 092 Policía Local,4761,2015-09-15,He llamado a estos números y me vino un recargo en la factura por no ser número gratuito ni fijo para mi sorpresa.,,92,archived,16188,0
10,494,/proposals/494-plan-integral-contra-grafitis,MAD-2015-09-494,Plan integral contra grafitis,12443,2015-09-15,Limpieza integral de las paredes y cierres grafiteados. Vigilancia real por parte de la policía. Disuadir a los infractores con multas o trabajos comunitarios. Lugares dedicados para grafitis.,"El centro de Madrid es maravilloso, pero no hay barrio que no dé un aspecto realmente degradado a consecuencia de los miles de grafitis que ensucian fachadas y cierres metálicos de comercios. Pero este problema afecta a toda la ciudad. Necesitamos poner en valor la belleza de nuestra ciudad. La limpieza de nuestro entorno nos define como ciudadanos y es nuestra carta de presentación a quienes nos visitan. Propongo un plan integral para atajar este problema, se me ocurren algunas líneas de acción, estoy seguro que el ayuntamiento Y los ciudadanos podréis mejorarlas. Serían las siguientes: - Limpieza integral de fachadas y cierres metálicos.   - Patrullas de vigilancia de incógnito que permita pillar in fraganti a los grafiteros. - Brigada de investigación de este delito. ¡En otras ciudades hasta participan grafólogos! Parece ciencia ficción pero no lo es. - Un programa de castigo no tienen por qué ser multas a los infractores, con servicios a la comunidad que impidan la reincidencia. - Colaboración con la Comunidad de Madrid. Esto no es un problema exclusivo de la Capital, afecta a toda la Comunidad.  .",55,archived,830,0
11,507,/proposals/507-equilibrar-riqueza-entre-la-zona-norte-y-sur-de-madrid,MAD-2015-09-507,Equilibrar riqueza entre la zona norte y sur de Madrid,312,2015-09-15,Crear zonas de grandes edificios como ocurre en la Castellana norte y con su ampliación ya propuesta pero en la zona Sur de Madrid para equilibrar económicamente los barrios ricos del norte.,"Replanificar la ampliación del paseo de la Castellana hacia la zona norte con más torres que enriquecen aún más la zona más rica de Madrid y produce más desequilibrio entre norte y sur.   Esta replanificación supondría crear esa zona de gran riqueza económica en la zona sur de Madrid, en cualquiera de las zonas municipales existentes, o incluso aprovechando zonas mal aprovechadas. Una idea sería recalificar terrenos municipales en cualquiera de los barrios del sur de Madrid, que permitiera crear una gran zona de torres como en la zona norte y que podría venderse al sector privado, utilizando esa inversión privada para crear instalaciones municipales que ayuden a los vecinos del sur.   Una posibilidad sería la estación de contenedores del Abroñigal, que tiene una ubicación ideal con conexión con M30 M40 y A4 con posibilidad de crear parada de cercanías al tener ya conexión con Atocha, y a escasos metros de la estación Sur de Autobuses. Todo esto lo haría ideal para que sea una zona interesante a inversores La estación pertenece a adifrenfe por tanto pseudo-publico, y al igual que se expropia a particulares para hacer una carretera, también se puede hacer aquí. Esta posibilidad es una de las muchas que podría valorar el ayuntamiento cualquiera de los barrios del sur afectados cerca de la caja mágica, en la zona de Entrevías pegado a M40 incluso soterrando todo el nudo sur con la inversión privada que se obtenga con la venta de esos terrenos construyendo las torres en toda esa nueva zona resultante y que podría mejorar barrios como:        .",45,archived,963,0
12,615,/proposals/615-multar-a-ciclistas-que-incumplan-las-normas-de-circulacion,MAD-2015-09-615,Multar a ciclistas que incumplan las normas de circulación,13465,2015-09-16,"Creo que debemos defender el transporte público y en bicicleta, pero estoy realmente harto del gran número de ciclistas que consideran que los ceda el paso y los semáforos no son para ellos.",,156,archived,2292,0
13,629,/proposals/629-sancionar-a-la-gente-que-deposite-basuras-en-la-calle,MAD-2015-09-629,Sancionar a la gente que deposite basuras en la calle,13431,2015-09-16,"Mayor vigilancia en las calles, para sancionar a la gente que arroja basuras, excrementos de perros, deposita mobiliario.",,81,archived,6164,0
14,878,/proposals/878-gestion-etica-de-la-poblacion-de-palomas-urbanas,MAD-2015-09-878,Gestión ética de la población de palomas urbanas,3753,2015-09-16,"Para gestionar la población de palomas urbanas existen métodos éticos que no incurren en maltrato animal, como incurre la captura de estas aves y posterior sacrifico. Pienso anticonceptivo.","Hola amigos, lanzamos de nuevo la propuesta ya que fue archivada, a ver si podemos recabar más votos esta vez Código de la propuesta: mad-2016-12-14890 Gestión ética de la población de palomas urbanas 2016 os dejo el link para que la apoyéis si aún seguís pensando en esta cohabitación con la fauna urbana y en especial con las palomas. GRacias Patricia  no a la captura y sacrificio de palomas urbanas en Madrid. Aplicación del pienso anticonceptivo, palomares ecológicos y otros métodos de disuasión y medidas por parte de urbanismo y parques.   En todas las ciudades de España se están realizando campañas sistemáticas de exterminio de palomas urbanas, cazándolas mediante redes automáticas o jaulas trampa para su posterior sacrificio por gaseamiento mediante CO2 Sólo en la ciudad de Barcelona se exterminan cada año más de 60000 palomas. Esta masacre lleva más de 20 años realizándose, sin ningún resultado salvo que ciertas empresas se lucren. Este sistema aparte de ser cruel, no reduce o controla la población de palomas urbanas. Está demostrado que es esta masacre es ineficaz y supone que nuestros ayuntamientos están malgastando nuestro dinero en maltrato animal gratuito Hay estudios europeos y estadounidenses demuestran que la utilización de pienso anticonceptivo es una opción eficaz y viable. En las localidades del estado español que se ha puesto en práctica el uso de anticonceptivos en palomas se ha reducido hasta un 80 la población en pocos años, como en los municipios de Cardona y Molins de Rei. Este sistema de control de la natalidad en palomas es totalmente indoloro y no implica muerte, no como los métodos que se están llevando a cabo ahora. Ventajas del pienso anticonceptivo como método de control de la población de palomas urbanas El video enlazado a esta propuesta explica las alternativas con claridad:  https: //youtu. Be/u1wSN1isBy8 Desde malp reclamamos un cambio en la política de control de la población de palomas para una gestión ética y eficaz de su población ahora en Madrid También existen otros métodos complementarios como son la instalación de palomares ecológicos educativos y de control y medidas disuasorias o urbanísticas que ayudan a mantener una población de palomas estable y sana.   Si quieres saber más sobre captura y sacrificio de palomas urbanas y las posibles alternativas, puedes ver este vídeo o ir a nuestra página web. Ya han firmado la campaña a nivel nacional más de 10000 personas: y a nivel local en Madrid, ya la han firmado más de 3600 personas: Acabemos con el maltrato animal en Madrid.  Madrid, cuidad amiga de los animales nuevo video explicativo:  https: //youtu. Be/8rd5ih_ReJ4 140716 El pasado 14 de julio se aprobó en la Asamblea de Madrid la nueva ley 42016 sobre protección animal en toda nuestra Comunidad de Madrid. En ella, en su disposición adicional se promueve la gestión de palomar urbanas a través de pienso anticonceptivo y huevos falsos palomares ecológicos ergo, si contamos con que la nueva ley trae una dotación económica, ahora no quedan escusas para que los ayuntamientos de la Comunidad de Madrid y menos el de Madrid Capital, sigan capturando y matando palomas. Al menos ya no habrá más captura urbana en la Comunidad de Madrid. Un pequeño paso. Por fin una gestión ética de palomas urbanas, al igual que en la misma ley se incluye la gestión de ética de perros y gatos feral o abandonados o de todo tipo. No obstante, sigamos pidiéndoselo a Carmena para que no dude en aplicar el pienso anticonceptivo para aves lo antes posible firma y difunde porfa, ya van 2000 firmantes Picos y Plumas Mis Amigas Las Palomas  .",22,archived,299,0
15,879,/proposals/879-si-reciclas-te-pagamos,MAD-2015-09-879,Si reciclas. Te pagamos,15068,2015-09-16,"Implantar máquinas de recogida de envases en los supermercados, centros comerciales. Cada vez que reciclas recibe una cantidad de dinero por haber depositado vidrio/envases en el contenedor.","La idea es Implantar máquinas de recogida de envases en los supermercados, centros comerciales. Cada vez que reciclas recibes una cantidad de dinero por haber depositado vidrio/envases en el contenedor.",49,archived,4477,0
16,900,/proposals/900-multar-a-los-bancos-con-viviendas-vacias,MAD-2015-09-900,Multar a los bancos con viviendas vacías,552,2015-09-16,"Siguiendo el ejemplo de Barcelona en Comú, debería multarse a los bancos que posean inmuebles deshabitados durante más de 2 años para incentivar la puesta en alquiler de los mismos.",Se debería sancionar económicamente a las entidades financieras que tengan viviendas vacías desde hace más de dos años para incentivar su puesta en alquiler o venta y movilizar el parque de viviendas. Esta medida no afectaría a particulares.   Adjunto la noticia de la medida de Barcelona en Comú de la que bebe esta propuesta.,74,archived,10018,0
17,965,/proposals/965-aplicacion-del-ibi-a-los-bienes-inmuebles-de-la-iglesia,MAD-2015-09-965,Aplicación del IBI a los bienes inmuebles de la Iglesia,4639,2015-09-16,Se propone que el Ayuntamiento estudie los mecanismos jurídicos necesarios para que pueda asumir la competencia que le permita aplicar el IBI a los bienes inmuebles de la Iglesia Católica.,"La Iglesia Católica no paga el Impuesto de Bienes Inmuebles a pesar de contar con un patrimonio inmobiliario cuantioso que, si cumpliera con sus obligaciones impositivas como todo el mundo, reportaría un importante aumento en los ingresos del Ayuntamiento por esta vía. Hace años, algunas ciudades no Madrid iban a estudiar la posibilidad de buscar los mecanismos jurídicos que le permitieran ejercer la competencia respecto a este impuesto municipal. Todo sigue igual.  El trato de favor que, a este respecto como a otros, recibe la Iglesia Católica en un estado formalmente aconfesional es inaceptablemente discriminatorio.",450,archived,19136,0
18,1085,/proposals/1085-acabar-con-los-excrementos-de-los-perros-en-las-calles,MAD-2015-09-1085,Acabar con los excrementos de los perros en las calles,9716,2015-09-17,"Establecer un mecanismo mediante el cual las calles de Madrid estén limpias de excrementos de perros, y el coste de esta limpieza lo asuman los dueños de los perros que nos recogen sus excrementos.","Buenos días a todos, el problema de los excrementos de los perros en las calles creo que es un problema que afecta a todos los barrios de Madrid, por lo menos en mi barrio, Valdezarza, es muy evidente. Desde mi punto de vista, concienciar a los dueños de los perros de este problema no está dando solución al problema. Los servicios de limpieza del ayuntamiento hacen lo que pueden para limpiar las calles, pero son muchos los dueños de perros que no limpian sus excrementos, por lo que la calle está repleta de excrementos. Si además tienes niños pequeños, el problema se agrava porque los niños tienen menos cuidado cuando están jugando, y si llevas un carrito de bebé es difícil esquivarlos. No soy un experto en temas técnicos, ni legales, ni económicos sobre este asunto, por lo que entiendo que la propuesta debe ser refinada, pero básicamente mi propuesta es la siguiente: - Creo que a día de hoy es obligatorio que todos los perros lleven microchip. Entonces, a la vez que se le implanta el microchip se le hace un registro del ADN al perro, que también sería obligatorio. Para los perros que ya tienen implantado el microchip habría que dejar un tiempo para que los dueños realizaran el registro del ADN Por lo tanto, ya tendríamos cruzados los datos del ADN del perro con el dueño. El coste de este registro del ADN sería ser asumido por el Ayuntamiento. - Posteriormente, bastaría con ir por la calle recogiendo excrementos, analizar de qué perro es, quién es el dueño, y multarle con el coste que ha supuesto el registro del ADN y el análisis del excremento recogido en la calle, multiplicado por ejemplo por 10 Se me ocurre que puede ser un valor suficiente para financiar el registro del ADN de los perros cuyos dueños no dejan excrementos en la calle y toda la infraestructura que es necesario montar que llevar a cabo esta propuesta, aunque como he dicho antes, habría que refinar la propuesta haciendo cálculos con datos reales. A mi modo de ver es una propuesta que no perjudica a los muchos dueños cívicos de perros, se carga todo el peso económico de la propuesta sobre los dueños de los perros que no limpian sus excrementos, y es una medida que serviría para tener una cuidad más limpia.",238,archived,3924,0
19,1114,/proposals/1114-concienciacion-en-colegios-para-el-respeto-por-los-animales,MAD-2015-09-1114,Concienciación en colegios para el respeto por los animales,16743,2015-09-17,Programa de concienciación en colegios coordinado por expertos en la lucha contra el maltrato animal y abandono.,"Programa similar al de educación por la ciudadanía  para que desde las aulas se tome conciencia de lo importante que es  saber respetar al resto de animales. Se trabajará por tanto, por una generación de grandes personas.   El programa se organizará a través de protectoras expertas en la lucha contra el maltrato animal y el abandono. Se enseñaría a los más pequeños la responsabilidad que supone  tener un animal en casa: desde que comen, beben  , salen,  hacen sus necesidades, .  Muy importante, concienciar contra el maltrato y el abandono, fomentar la adopción en detrimento de la compra-venta, .",24,archived,1267,0
20,1121,/proposals/1121-museo-de-metro-en-las-cocheras-historicas-de-cuatro-caminos,MAD-2015-09-1121,Museo de Metro en las Cocheras Históricas de Cuatro Caminos,6660,2015-09-17,"Promovemos la protección de las Cocheras Históricas de Metro 1919 y su conversión en un Museo de Metro, para cobijar la gran colección de trenes históricos que atesora Metro de Madrid.","Desde la Plataforma Salvemos Cuatro Caminos promovemos la protección de las Cocheras Históricas de Metro 1919  y su conversión en un Museo de Metro, incluyendo la gran colección de trenes históricos que atesora Metro de Madrid en las afueras de la ciudad.   La llegada del Metro a Madrid en 1919 supuso un cambio radical de la forma de moverse por la ciudad y concebir el urbanismo moderno. Las Cocheras Históricas de Metro fueron la primera sede, y hoy nos llegan a nosotros en un estado de olvido y abandono, a pesar de lo cual siguen en uso tras 96 años de servicio ininterrumpido. La propuesta dotaría de una institución cultural en un enclave principal de la ciudad a toda la ciudadanía, ofreciendo un museo que sería único en el mundo. Los beneficios que reportaría al barrio, al vecindario y a los comercios serían mucho más importantes y atractivos que el plan de seguir construyendo parque de viviendas en una de la zonas más densas de la ciudad. Una dotación así además reportaría beneficios a toda la ciudad y permite poner en valor uno de los metros más antiguos del mundo.   Tenemos la oportunidad única, hagámosla valer. Si se se pierde no volverá; es ahora o nunca ¡no perdamos este tren! #SalvemoslasCocheras #MuseodeMetro = #ProyectoCuatroCaminos info: twitter @salvemos4C  -  facebook: salvemos. Cuatrocaminos.",93,archived,282,0
21,1266,/proposals/1266-peatonalizacion-del-centro-de-madrid,MAD-2015-09-1266,Peatonalización del centro de Madrid,19645,2015-09-17,"Limitar el tráfico de no residentes en el área conformada por los 6 barrios del Distrito Centro Palacio, Embajadores, Cortes, Justicia, Universidad, Sol Malasaña y Chueca.","Solo podrán circular los coches de los residentes y transporte público, incluyendo taxis, motocicletas y bicicletas,  y las furgonetas que lleven mercancías a los comercios del área podrán entrar los días laborables de diez de la mañana a una del mediodía. Podrán acceder aquellos conductores que vayan a estacionar en los aparcamientos que se encuentran dentro del perímetro. Sin embargo, la policía Local contralará las matrículas para que quien luego no estacione allí sea sancionado.",62,archived,1089,0
22,1284,/proposals/1284-eliminacion-de-los-simbolos-religiosos-del-ambito-publico,MAD-2015-09-1284,Eliminación de los símbolos religiosos del ámbito público,14500,2015-09-17,"Eliminación de los símbolos religiosos del ámbito público ya que, como dice nuestra constitución en su articulo 163. Ningúna confesión tendrá carácter estatal.",,44,archived,4252,0
23,1419,/proposals/1419-crear-una-verdadera-red-de-carril-bici-seguro-en-madrid,MAD-2015-09-1419,Crear una verdadera red de carril bicicleta seguro en Madrid,4877,2015-09-18,Bien sea segregado del tráfico motorizado o aprovechando la calzada es imprescindible crear una red segura para bicicletas si pretendemos que esta ocupe un lugar importante como medio de transporte.,"Bien sea segregado del tráfico motorizado o aprovechando la calzada es imprescindible crear una red segura para bicicletas si pretendemos que esta ocupe un lugar importante como medio de transporte eficaz. Pensando en que estos carriles deberían poder ser usados por niños, adultos y también tercera edad, deben garantizar la seguridad y permitir circular por ellos sin la presión de estar rodeado de coches o motos, ya que no todo el mundo tiene un estado de forma que le permita ir a una velocidad considerable, o simplemente se quiere ir a un ritmo tranquilo. Uno no puede pasear tranquilamente por la calzada porque, seamos realistas, entorpecemos el tráfico y somos una lacra para los conductores de coches.  No se trata de perjudicar al automóvil y tampoco al peatón, por lo tanto opino que para no estorbarse la mejor solución es que vayan por diferentes carriles. Además el tráfico motorizado se beneficiaría también porque se reduciría el número de vehículos a motor.   El mejor ejemplo de funcionamiento es Amsterdam. Si aportas un breve comentario subiremos la propuesta a las más comentadas y recibiremos más apoyos. Gracias.",639,archived,10255,0
24,1824,/proposals/1824-implantar-sistema-de-reciclaje-aleman,MAD-2015-09-1824,Implantar sistema de reciclaje Alemán,25449,2015-09-21,En cada supermercado existiría una máquina para reciclar y por cada lata o envase que lleves al supermercado te darán 025 euros que podrás canjear en las cajas de cualquier supermercado.,"En cada supermercado de Alemania tiene varias máquinas para devolver envases vacíos de cerveza, agua, refrescos… Se introduce la botella o la lata usada en una abertura y a cambio reciben un ticket que pueden canjear por dinero en caja: por cada envase devuelto, recuperan 0,25 euros.  ¿Se puede implantar algo parecido en España? Hace once años que Alemania introdujo este sistema de depósito, devolución y retorno SDDR y hoy este país ha alcanzado una tasa de recuperación de estos envases del 985 Datos muy buenos. En cada supermercado, cuando vas a comprar, puedes introducir las botellas y latas que has usado en tu casa en una máquina, que te devuelve una cantidad de dinero dependiendo del tipo de envase, siendo lo más usual 025 euros. Al final de la introducción de todos los envases, la máquina expende un ticket con el total de impuestos reciclajado, que lo canjeas a su vez en caja una realizada la compra, descontando del total de la compra, los euros del ticket. La vuelta de esos 025 euros no es un regalo por reciclar, sino una devolución del impuesto Pfand que lleva cada producto de agua mineral, botella de refresco o lata de cerveza asociada a su valor. Cuando en un supermercado, el cliente ve que la botella de agua vale 050 euros, al pasar por caja el producto, se produce la inclusión del impuesto. La única forma de recuperar dicha cantidad de dinero, es devolviendo ára el reciclaje la botella en las máquinas previstas para ello. Esto no supone ningún coste adicional para el consumidor, asegura Maria Elander, de Deutsche Umwelthilfe, la ONG que impulsó la instauración de este sistema de depósitos en Alemania, como ocurre en otros 32 países o regiones del mundo, entre ellos, Noruega, Dinamarca, Suecia, Finlandia u Holanda: Sólo pagan los que no devuelven el material:  el que contamina paga. Uno de los efectos directos que tendría la implantación de esta medida en España, sería ver las calles más limpias, sin rastro de botellas, botellines, latas… Por ejemplo, en Alemania tras la inclusión del sistema SDDR,  sus defensores aseguran que uno de sus efectos más impactantes salta rápidamente a la vista en cualquier ciudad: las latas y botellas tiradas en el suelo desaparecen de golpe de las calles o espacios públicos. Lo que antes era basura, se cambia ahora por dinero. No sólo reciclamos más, también lo hacemos con mayor calidad, incide Elander, que explica que al no juntarse con basura, el material recuperado para reciclar es de mayor pureza y se puede vender a un precio mucho mayor. Cuando preguntamos a los consumidores, el 80-90 nos dice que le gusta el sistema, asegura la alemana. Esto es un dato que yo lo corroboro. No se ven plásticos ni latas por las calles. Además, en caso que alguien tirase algún envase y su dinero al suelo, siempre hay alguien que los recoge. En este caso, suelen ser dos tipos de personas: jubilados, que llegan no muy bien a final de mes, y gente que vive en la calle, para obtener ingresos y comprar algo para llevarse a la boca. Pero aquí no queda la medida. La medida se extiende a otros ámbitos más sociales. Por ejemplo, en los bares de las residencias estudiantiles, por cada cerveza que pides, te graban con hasta un euro. Pagas la cerveza, su impuesto y a cambio te dan una botella o botellín de cerveza y una moneda que simboliza el euro pagado. Para recuperar el dinero extra pagado, debes devolver la botella de cerveza y la moneda. En la calle, cuando se reúnen en fiestas típicas, como por ejemplo, los mercados navideños o el ya tradicional Oktoberfest o fiesta de la cerveza que cada ciudad o pueblo tiene no es exclusivo de Munich, aunque este sea el más famoso debes pagar dicho impuesto, que se te será devuelto al dejar tu cerveza acaba o vino caliente acabado. Esto último podría y debería implantarse en las fiestas locales. Es de muy mala educación y asqueroso ver las toneladas de basuras que se crean con motivo de la bebida. Si en lugar de dar vasos de plásticos porque sí, se llevara a cabo la implantación de los 025 o 0,50 euros por vaso de plástico o litrona, el envase sería devuelto en muchas ocasiones, siendo más sencillo su recogida y reciclaje, así como el descenso de basura que las fiestas acarrean. En Alemania se recuperan al año unos 16.000 millones de envases: un 80 de ellos son tragados por estas máquinas en supermercados y el 20 restante se recolecta de forma manual en pequeños comercios. Todos los establecimientos están obligados a recoger lo que venden, pero, según Elander, las grandes superficies se han dado cuenta que estas máquinas pueden ser también un reclamo para atraer clientes. Las colocan al final de las tiendas, comenta. Noticia completa aquí: .",57,archived,2177,0
25,1863,/proposals/1863-tambores-en-el-parque-del-retiro-en-la-tarde-del-domingo,MAD-2015-09-1863,Tambores en el Parque del Retiro en la tarde del domingo,4279,2015-09-21,"Lo que nos jugamos en esto, es apostar o no por una ciudad tolerante con la diversidad y con la manifestación espontánea de la creatividad y la sociabilidad ciudadana.","Pedimos el levantamiento de esta prohibición y  la puesta en valor de lo que allí se producia como espacio tiempo de participación ciudadana en una actividad que enriquece el clima convivencial y amplia las opciones de ocio gratuito en nuestra ciudad. Esta actividad, constituía una suerte de joven tradición, emblemática del talante abierto, multicultural y cosmopolita de Madrid y aportaba al clima convivencial de esta ciudad un espacio-tiempo de encuentro y distensión, que quienes lo frecuentábamos apreciábamos como una estupenda manera de disfrutar de las tardes de los domingos. Muchas personas han crecido acudiendo con regularidad a ese espontáneo encuentro, a disfrutar de la atmósfera que allí se creaba. Muchas también acompañando a sus hij@s y niet@s. No se trata de algo frívolo. La buena diversión de l@s ciudadan@s la que les sirve para regenerarse en medio de las dificultades de la vida cotidiana es un asunto de salud pública y clima convivencial La actividad musical facilita, a nivel colectivo, que se produzcan dinámicas de socialización más fluidas, pues convence a nuestros afectos de que la armonía con otros es un gozo posible. Orgánicamente estimula la producción de serotonina, agente esencial en nuestro equilibrio psico-orgánico. Nadie lo convocaba. Unas personas acudíamos con más regularidad, otras con menos, unas en grupo, otras en solitario. Y la pluralidad humana que componen la ciudadanía madrileña y sus visitantes estaba allí congregada, para disfrutar de la música y el baile, en una proximidad y unas combinaciones de perfiles humanos y biográficos que no se producían en ningún otro contexto de la vida urbana. Una vida urbana que tiende a articularse exclusivamente sobre el eje del trabajo y el consumo, porque el tiempo libre ha quedado reducido a consumo: Una vida urbana en la que la expresión musical y la pulsión a la danza permanecen enclaustradas, restringidas a circuitos comerciales, explotadas por la industria de las macrofiestas, por los excluyentes circuitos de after- hours. O los eventos promocionales de marcas realizados en la vía pública. Solo las verbenas populares representan un modo semejante de darse la música en la calle no troquelado o encapsulado en lo comercial. Y nosotr@s sin pretenderlo, habíamos inventado nuestra verbena semanal. Una verbena de fin de siglo en el corazón verde de Madrid. Una verbena en la que no sonaba el chotis pero que era tan madrileña como lo son sus multicolores habitantes.",62,archived,238,0
26,1918,/proposals/1918-quitar-el-impuesto-sobre-la-plusvalia-en-las-herencias,MAD-2015-09-1918,Quitar el impuesto sobre la plusvalia en las herencias,24682,2015-09-22,Pagar el impuesto municipal de plusvalia por la herencia de inmuebles es abusivo porque no hay transacción económica y solo cambio de titularidad. Situación diferente es cuando hay compra-venta.,"Cuando se recibe como herencia un inmueble o piso se paga un impuesto municipal de plusvalia que es incluso superior, en importe, al impuesto de sucesiones, con el agravante de que como solo se produce un cambio de titularidad no hay ningúna transacción económica por enmedio que te permita obtener algún ingreso con el que pagar el impuesto, lo que supone un fuerte quebranto en los ahorros, sobre todo si estas jubilado o en desempleo, Cuando hay una compra-venta del inmueble, en la que el vendedor recibe el importe de la venta, el impuesto está más justificado y, al menos, se recibe un dinero que te permite pagar el impuesto.",36,archived,238,0
27,1937,/proposals/1937-castigo-duro-a-perros-sueltos-y-o-sin-bozal,MAD-2015-09-1937,Castigo duro a perros sueltos y/o sin bozal,26860,2015-09-22,"Creo ya existe Ordenanza, pero los dueños llevan impunemente los perros sueltos y/o sin bozal, ya que no se aplica habitualmente el castigo. Son peligrosos, aunque el dueño te dice. Si no muerde.",,19,archived,126,0
28,2121,/proposals/2121-hospital-publico-veterinario,MAD-2015-09-2121,Hospital público veterinario,28988,2015-09-23,"Que lxs animales obtengan un seguimiento de salubridad es una cuestión de salud pública y nos interesa a todxs. Estableciendo un sistema regulado por declaración de la renta, más carnet de servicio.","Hola a todxs,   Hay muchxs animales en la comunidad de Madrid, muchxs más de los que están registradxs con chip. Hay muchísimas familias que no pueden llevar un control de la salud de sus mascotas porque los precios se salen completamente de su presupuesto.     Que lxs animales obtengan un seguimiento de salubridad es una cuestión de salud pública y nos interesa a todxs. Estableciendo un sistema regulado por declaración de la renta, más carnet de servicio anual vinculado a esta misma renta. No solo lo que paguen unxs cubrirían las cuotas de los otrxs, si no que además crearía puestos de empleo para todos lxs veterinarixs que esten sin trabajo.   Muchas gracias,  .",21,archived,203,0
29,2135,/proposals/2135-eliminar-los-apr,MAD-2015-09-2135,Eliminar los APR,29102,2015-09-24,Propongo la eliminación de los APR actuales barrio de las letras y barrio de opera Los ciudadanos deberíamos poder circular libremente por cualquier barrio de nuestra ciudad.,,31,archived,16,0
30,2412,/proposals/2412-metro-para-viajeros-de-tren-y-avion,MAD-2015-09-2412,Metro para viajeros de tren y avión,31101,2015-09-29,Muchas estaciones son utilizadas por viajeros con destino a estaciones de tren y al aeropuerto y trasladando maletas.,,20,archived,11,0
31,2445,/proposals/2445-control-de-la-circulacion-de-motos-por-las-aceras,MAD-2015-09-2445,Control de la circulación de motos por las aceras,31197,2015-09-29,Prohibición real de circulación de motos por las aceras. Creación de aparcamientos para motos sólo en las calzadas.,,25,archived,103,0
32,2513,/proposals/2513-identificacion-de-bicicletas,MAD-2015-10-2513,Identificación de bicicletas,31798,2015-10-01,Cada vez circulan más bicicletas por las aceras y se saltan normas de tráfico. Para evitar la impunidad se puede tomar los datos de la matrícula para poner la oportuna denuncia.,,19,archived,69,0
33,2524,/proposals/2524-casa-autogestionada-autosuficiente-de-mujeres-mayores-de-50-anos,MAD-2015-10-2524,Casa autogestionada autosuficiente de mujeres mayores de 50 años,21498,2015-10-01,"Propiciar un espacio común autogestionado para mujeres mayores de 50 años que quieren convivir con personas con inquietudes ecológicas, creativas y culturales.","La propuesta está inspirada en la Casa Babayaga sita en Montreuil Francia cuya fundadora se llama Thérése Clerc. Muchas mujeres, debido a su situación personal, laboral, familiar, emocional o física, están abocadas a vivir con precariedad, solas o con personas que no las apoyan. A veces no disponen de casa propia ni de trabajo estable y su situación empeora con los años por cuestiones de salud, por problemas emocionales y por falta de ilusión y esperanza en un futuro mejor. Algunas están separadas o solteras o son viudas. Teniendo en cuenta la cantidad de edificios vacíos y en desuso que hay en la Comunidad de Madrid, de protección oficial o las casas inutilizadas que tienen algunos bancos, podrían acondicionarse estos inmuebles con pequeños estudios de unos 35 o 40 metros cuadrados, con alquileres asequibles no más de 200 € con baño, cocina, dormitorio y con zonas comunes, sala-comedor, biblioteca, zona para eventos y para hacer gimnasia. Se tendría en cuenta la movilidad reducida de algunas de estas mujeres y sus especiales características físicas y emocionales. Podrían hacerse gestiones, con la intermediación de la persona responsable que acuerde el actual Ayuntamiento de Madrid, con alguna sareb de algún banco o caja que tienen en stock un buen número de inmuebles que nadie utiliza y que se deterioran según transcurre el tiempo. La propuesta no se asemejaría a las residencias de personas mayores actuales ni a los pisos tutelados, si bien se puede considerar una solución alternativa a esta demanda habitacional para personas con estas características. Muchas de estas mujeres aún trabajan pero tienen salarios muy bajos. Y las que no pueden o no encuentran ocupación, podrían contribuir de diversas maneras al mantenimiento del inmueble acondicionado para este fin. Aunque se necesitaría apoyo institucional, para que el proyecto no sea gravoso a la Administración local y municipal,  se podrían sufragar los gastos que se generen en esta casa autogestionada feminera a la que llamaré la Morada de Themcelvez,  creando un vivero, un huerto colectivo, con plantas medicinales y aromáticas, hortalizas y árboles frutales, se cultivarían flores, incluso podría contar con colmenas o con algún animal de corral. También podría acondicionarse un techo verde, aislar el edificio suficientemente para evitar las diferencias de temperatura, las inclemencias del tiempo y los ruidos externos e instalar paneles solares, algún dispositivo para generar energía eólica, calefacción con biomasa, cocina solar o similar para que el consumo de electricidad y agua caliente no sea demasiado costoso. Por supuesto podría reciclarse toda la basura generando compost, reutilizando todo lo que se pueda y creando conciencia en este sentido en el barrio o localidad donde se implemente este proyecto. La labor creativa, divulgativa y cultural sería también muy importante. Podrían celebrarse periódicamente lo que yo llamo Ágapes artístico-culturales, presentaciones de libros, exposiciones de escultura y pintura, conciertos,  recitales y conferencias de todo tipo, en la línea del espacio que estoy describiendo. También podrían convocarse sesiones de Yoga, Tai Chi, Fisioterapia, Hidroterapia, talleres artesanales y de bricolage y de distinto tipo. Y de tanto en tanto, se podrían acoger de forma esporádica a visitantes y familiares de estas mujeres por una módica cantidad para cubrir los gastos de gestión, estancia y manutención. El proyecto es factible si se implican más personas. En España, no sé si hay algo parecido. En otros países sí, concretamente en Francia, en Montreuil y en Toulouse. Confío en poder llevar a buen término La Morada de Themcelvez con la ayuda de todas vosotras. Y vosotros. Es posible hacerlo, tengo la energía, la idea factible, sólo necesito las personas adecuadas,  el apoyo suficiente y una difusión eficaz. Si hiciese falta un dinero inicial, podría pedirse un crédito a un banco ético como Triodos Bank, se podrían conseguir aportaciones personales, donaciones o realizarse un crowdfunding o micromecenazgo para financiar el proyecto en sus primeras etapas. Todas las personas somos interdependientes y casi todas llegáremos a la edad madura y a la senectud. De nosotras depende cómo queramos vivir esa última etapa. Gracias por tu atento tiempo. Cuento con tu cooperación participativa.",44,archived,88,0
34,2538,/proposals/2538-tasa-municipal-por-cada-perro-que-resida-en-madrid,MAD-2015-10-2538,Tasa municipal por cada perro que resida en Madrid,31949,2015-10-01,La suciedad de nuestras calles está provocada por el orín y los excrementos de los perros que no tienen la culpa de que sus dueños no lo recojan. Ruego planteen por chip y perro una tasa municipal.,"Gran parte de la suciedad de nuestras calles y parques es debido a los perros, como animales que son necesitan hacer sus necesidades pero no en cualquier esquina, portal, parque, jardín o árbol. Cuando la lluvia escasea hay días con un hedor insoportable y ya que se incrementa la suciedad debida a los perros, los dueños debería asumir y costear mediante una tasa municipal este coste. En otros países como Alemania se paga por cada televisión por casa, por lo que es una buena propuesta tanto para recaudar como de civismo además de contribuir al bienestar de la ciudadanía para no perjudicar a aquellos que nos gusta pasear por los parques y no encontrarnos minas en forma de excremento.",154,archived,1465,0
35,2551,/proposals/2551-trasladar-celebraciones-dia-del-orgullo-gay-fuera-de-la-ciudad,MAD-2015-10-2551,Trasladar celebraciónes día del orgullo gay fuera de la ciudad,17678,2015-10-01,Los días de celebración se convierten en un inconveniente para los vecinos y ciudadanos afectados teniendo que ser participes de una fiesta sin poder elegir.,"Una celebración mayormente controlada y organizada en una zona fuera de centro de la ciudad no evitara a los participes de su fiesta, sin alterar la vida del resto de vecinos que sufren los efectos negativos de la misma. La ciudad no dejara de obtener beneficios económicos en comercios, hoteles, etc. Se puede organizar a modo de los macro festivales de musica, al no causar molestias al resto de ciudadanos se puede ilimitar la duración de la fiesta. Mayor fiesta, menor molestia a resto de ciudadanos y los mismos ingresos. Todos contentos.",23,archived,36,0
36,2576,/proposals/2576-contratar-personal-de-limpieza,MAD-2015-10-2576,Contratar personal de limpieza,28630,2015-10-02,Contratar personal de limpieza en lugar de pedir a universitarios o madres de niños escolarizados limpiar.,"En noticias recientes, hemos visto cómo Carmena pretende que los universitarios barran Madrid, al igual que manifestó hace unos meses con las madres de los niños escolarizados. Mi propuesta es, en lugar de promover que estudiantes o mujeres trabajadoras hagan ese trabajo, ¿por qué no se contrata a más personal de limpieza? De esta forma se podría reducir el paro de la capital, a la vez que no se quita tiempo de estudio a los universitarios o tiempo libre a las mujeres. O si por contra prefiere limpieza de forma gratuita, ¿por qué no limpian las calles los concejales de Ahora Madrid?.",21,archived,452,0
37,2944,/proposals/2944-obras-y-actividades-beneficas-en-vez-del-desfile-del-dia-de-la-hispanidad,MAD-2015-10-2944,Obras y actividades benéficas en vez del desfile del Día de la Hispanidad,10852,2015-10-12,"Cambiar el desfile, que nos cuesta a todos más de 800000 euros, por una jornada de actividades y obras benéficas organizada por el ejército para ayudar al 29 de los compatriotas españoles pobres.",,38,archived,49,0
38,3044,/proposals/3044-red-de-vigilancia-y-monitorizacion-de-las-emisiones-de-radiofrecuencia,MAD-2015-10-3044,Red de vigilancia y monitorización de las emisiones de radiofrecuencia,34134,2015-10-15,"Análogamente al término de smog, se ha acuñado el de electrosmog para referirse a la contaminación electromagnética. La radiofrecuencia ha de ser monitorizada en todo momento, como la calidad del aire.","La financiación de esta red, se hará poniendo una tasa a la telefonía y las distribuidoras de electricidad. Habrá al menos una patrulla municipal dotada de medios técnicos tradicionales para comprobar en el sitio, cuando la red detecte un exceso de potencia de emisión y se impondrán las correspondientes multas a las compañías responsables. En Italia existe una red a nivel nacional, lo que aconseja que esta medida se acuerde mancomunadamente con Barcelona, Zaragoza, Valencia y otras. El principio de prudencia aconseja reducir el nivel de la radiación de radiofrecuencia al mínimo tecnológicamente posible, porque no son sólo los efectos térmicos los que afectan al ser humano sino de otro tipo, según si esta pulsada la radiación y que frecuencia y tipo de pulsación. En su momento provocó una movilización vecinal en Leganés y un proyecto liderado por el Prof. Español Ceferino Maestu patentes es 2353104 y es 2353149.",50,archived,19,0
39,3078,/proposals/3078-nuevas-lineas-de-autobus-para-quitar-atascos-m-30-m-40,MAD-2015-10-3078,Nuevas líneas de Autobus para quitar atascos M-30 M-40,34353,2015-10-16,"Hay atascos monumentales en Madrid, de toda la vida, porque no se adapta el transporte público a la realidad actual. Con líneas de autobuses en la M-30 y M-40 se reducirían muchísimo.","Buenos días, Llevamos muchísimos años sin crear lineas nuevas de autobús que realmente se adapten a las exigencias de los ciudadanos, es decir, ir al trabajo. Siempre hay atascos monumentales desde la zona sur de Madrid barrios pobres y/o humildes hacia las zonas de trabajo zonas pudientes de Madrid como siempre, somos los grandes olvidados, que aún siendo mayoría, padecemos el aislamiento de los gobiernos. Si quieres viajar al barrio de al lado para trabajar siempre tienes que ir a la zona centro de Madrid y luego volver a salir para ir a tu destino. Que no vivamos en el mismo centro no quiere decir que no formemos parte de la ciudad, al revés, estamos muy cerca.  Los ciudadanos que vivimos en las zonas de Vallecas casi 400000 persona censadas y se estima que medio millón viviendo Vicalvaro, Moratalaz, Villaverde, Carabanchel, Usera, San Blas. Sin contar con los del extrarradio que no forman parte del ayutamiento, por eso no los pongo pero se pueden citar como, Fuenlabrada, Getafe, Rivas, Mejorada del Campo, Coslada, Mostoles. Vivimos muy cerca del centro de Madrid pero a pesar de ello estamos aislados. Se producen enormes atascos desde la A-3 hasta la a--1 y de la a-42 hasta la A-6 porque hay muy mala comunicación entre estas zonas entre ricos y pobres Como he dicho antes, tenemos que viajar hasta el mismo centro de Madrid para luego ir a barrio que no cogen demasiado lejos, por ejemplo, para ir al campo de las naciones desde Santa Eugenia o Ensanche de Vallecas hasta Campo de las Naciones atascos enormes en la M-40 tenemos que hacer virgerías para llegar en transporte público tardando del orden de 1 hora y media o hasta casi 2 trayecto que en coche, sin atasco, se hace en 12 minutos. Es decir, es un barrio próximo pero muy lejano en transporte público por eso la gente coge mucho el coche, como para ir a la zona de la Calle Torrelaguna gran zona de oficinas y que se tarda lo mismo o por poner otro ejemplo de ruta de Villaverde a Casa de Campo.   Por todo lo anterior, si se habilitaran líneas de autobús entre estos barrios y que fuera por la M-30 y M-40 el trayecto en transorte público sería mucho menor, los ciudadanos cogeríamos el transporte  que es más barato que el combustible del coche, sus reparaciones, comprar coche cada determinados años y tiempo de aparcar. Por lo tanto el atasco sería mucho mejor y, en consecuencia, se tardaría todavía menos en transporte al quitar coches de estas vías.  Es un circulo vicioso, si se fomenta lo bueno cada vez es mejor cada vez las vías más rápidas,  económicas para el bolsillo y ciudadanos más contentos y si se fomenta lo malo cada vez será peor cada vez vías más lentas y saturadas, costes elevados para los ciudadanos, ciudad más contaminada y ciudadanos muy muy cabreados y con muy mala calidad de vida   En caso que este proyecto no tuviera mucho éxito a lo largo del tiempo se podría rescindir, esos autobuses habilitarlos para las actuales líneas que ya están muy viejos y estropeados los que ciruclan ahora y conductores de autobús en estas líneas hace falta más personal sería como una reinversión más que un gasto adicional en el peor de los casos.   Esto es fácil de llevar a cabo, económico para el gasto público no hay que hacer metro que eleva muchísimo el precio y revocable en caso de fallo.     Espero que mucha gente esté de acuerdo y apoye esta propuesta, creo que sería muy beneficiosa para todo el mundo. Pasa un buen fin de semana.",11,archived,163,0
40,3165,/proposals/3165-recogida-y-transporte-de-basura-por-la-red-de-metro,MAD-2015-10-3165,Recogida y transporte de basura por la red de metro,34702,2015-10-19,"Utilizando la red de metro por la noche, podriamos ahorrarnos miles de horas de camiones ruidosos, que en ocasiones atascan la ciudad.","La mayoría de los madrileños tenemos una boca de metro cerca de nuestro portal. Diariamente pasamos cerca de ella y no es difícil ir con una pequeña bolsa de basura con los desperdicios del día. La bolsa es introducida en una papelera, y va a caer hasta un gran cubo de basura soterrado, en una habitación cerca del anden de metro. Una vez cerrada la red de metro, un tren pasa por todas las estaciones recogiendo los grandes cubos y llevándolos a la sede de gestión de residuos correspondiente. Estas estaciones de recogida, también podrían servir de manera complementaria para vaciar las camionetas de basura de los vecinos que no se encuentren cercanos a una boca de metro. De esta manera se acabaría con los grandes camiones que recogen grandes cantidades de basura y las transportan a largas distancias siendo suplantados por pequeñas furgonetas que recogen continuamente pequeñas cantidades de basura y las transportan hasta los cercanos puntos de recogida. El concepto: Las virtudes: El desarrollo: Dependiendo de los barrios y las posibilidades Seguro que hay muchas más ideas que mejorarían esta propuesta que en principio solo se basa en utilizar la maravillosa e infrautilizada red de metro que tenemos. Un saludo Jaime   update 4122015 Según parece en Nueva York han empezado a hacer algo parecido. Junto a las paradas de metro, las antiguas maquinas de reparto de periodicos han empezado a utilizarlas como lugar de recogida de compost.",60,archived,190,0
41,3481,/proposals/3481-impuestos-a-viviendas-vacias,MAD-2015-10-3481,Impuestos a viviendas vacias,27594,2015-10-26,"Esta propuesta es para fomentar el alquiler de las viviendas vacias, se les ponga un impuesto que sea proporcional al tiempo que este desocupada esa vivienda.",,11,archived,77,0
42,3587,/proposals/3587-fuera-motos-y-bicis-del-carril-bus,MAD-2015-10-3587,Fuera motos y bicicletas del carril autobús,13988,2015-10-28,"¿Por qué los que utilizamos el transporte público debemos ser penalizados compartiendo nuestro carril, lo que disminuye nuestra velocidad, ya de por sí inferior a la media.",,13,archived,24,0
43,3905,/proposals/3905-multa-motos-excesivamente-ruidosas,MAD-2015-11-3905,Multa motos excesivamente ruidosas,38287,2015-11-03,Debería multarse a aquellos motoristas que tengan las motos trucadas para que el ruido que hagan sea más alto.,,12,archived,503,0
44,4293,/proposals/4293-mascotas-en-transporte-publico,MAD-2015-11-4293,Mascotas en transporte público,39841,2015-11-04,"Al igual que otros países más cívicos que nosotros, las mascotas pueden acompañar a sus familias en el trasporte público, siempre por supuesto, debidamente transportados, con collar y bozal y documen.","Al igual que otros países más cívicos que nosotros, las mascotas pueden acompañar a sus familias en el trasporte público, siempre por supuesto, debidamente transportados, con collar y bozal.   Muchas veces las familias que tenemos mascotas e hijos, o tan sólo mascotas, y que queremos pasar un día con ellos en alguna parte de Madrid nos vemos obligados a transportarnos en coche, o a tener que dejar sólo al animal en casa porque no son admitidos en los medios de transporte público de la comunidad.   si pudieran acceder, cumpliendo unas normas básicas de convivencia, como llevar collar y bozal, y tener la documentación sanitaria veterinaria del animal en regla, la ciudad sería mucho más amable para muchos de sus ciudadanos.  .",22,archived,406,0
45,4541,/proposals/4541-cursos-municipales-de-educacion-canina-para-propietarios-de-perros-de-compania,MAD-2015-11-4541,Cursos municipales de educación canina para propietarios de perros de compañía,1468,2015-11-04,Organizar anualmente cursos de formación potenciaría la concienciación de los propietarios caninos respecto a los derechos y obligaciones que conlleva la convivencia con el perro y con la sociedad.,"La propuesta es que el Ayuntamiento, como en otros municipios,   organice cursos  que atiendan las necesidades de formación de los propietarios/as de perros como animales de compañía. Un mayor conocimiento y aprendizaje de destrezas ayudaría a mejorar notablemente la convivencia pues un perro mal controlado genera conflictos y sinsabores que nos afectan a todos,  queremos resolverlos de la mejor forma posible. Para mí una escuela municipal canina llegaría a un número grande de propietarios/as y resolvería muchos problemas del día a día. Me gustaría que el Ayuntamiento llevara a estudio esta propuesta,   es un punto de partida,   un apunte a desarrollar,  en caso de tenerse en cuenta: Objetivo: concienciar a los propietarios/as caninos de la importancia de trabajar la educación del perro para prevenir comportamientos indeseados y conseguir una relación más satisfactoria con el can al conocerle y mejorar la comunicación.   Requisitos: perros inscritos en el Registro de identificación de Animales de Compañía,  dados de alta en el Censo Municipal y vacunados. Precio asequible para empadronados, por ejemplo: entre 30€ y 50€ Duración según necesidad, en todo caso dependería del tipo de curso adiestramiento, educación, tenencia. , lo que el Ayuntamiento ofrezca será bienvenido   Diversos niveles, con estudio previo del comportamiento y seguimiento posterior, llevado a cabo por profesionales acreditados  Contribuyendo así a la creación de empleo en un sector que está en auge Sugerencia de Lugares posibles, siempre que estén habilitados o se habiliten para ello: parques en los distintos barrios Retiro, Eva Perón, Juan Carlos I etc. ,   áreas caninas,  instalaciones habilitadas del Ayuntamiento, etc.   Aprender sobre la psicología canina,  ser responsable y cumplir con las exigencias de civismo mejoraría la convivencia. Tener perro supone, por supuesto,  obligaciones pero la sociedad  también ha de ofrecer actividades y diversos cursos, con precios razonables a los que puedan acceder,  cualquier ciudadano o ciudadana, y en lugares a los que se pueda llegar aún sin tener coche,  de ahí mi propuesta. El Ayuntamiento programa actividades de todo tipo dando respuesta a las necesidades de ocio y formación de la ciudadanía madrileña, sería muy útil que incluyeran este tipo de cursos. Gracias por sus comentarios constructivos y por su apoyo. Por favor, colabore con la difusión de esta propuesta. Gracias.  .",61,archived,486,0
46,6931,/proposals/6931-suelos-sin-colillas,MAD-2015-12-6931,Suelos sin colillas,482,2015-12-28,"Tenemos registro de huellas dactilares, así que se puede identificar a muchas personas que tiran colillas. La multa y propaganda dejarán las calles y carreteras sin colillas.",,19,archived,67,0
47,7382,/proposals/7382-digitalizar-las-calles,MAD-2016-01-7382,Digitalizar las calles,482,2016-01-22,Sustitución de denominaciones alfabéticas por numerales a las calles.,"El callejero de Madrid tiene más de 9000 denominaciones y las consultas a él a través de Internet superan la cifra de 36000 visitas al año. Inmersos en el mundo informático, se hace preciso digitalizar las denominaciones a efectos de simplificar trámites y ahorrar tiempos, que repercutirá en la economía general. Simplemente, al Listado nominal de calles actual habría que añadir a cada una el número de Distrito Municipal y la Clave de Calle ddcccc comenzando en su orden alfabético y numeral inferior para la clave, ejemplo: a la actual calle a le correspondería 0001 como clave de calle, a la actual calle aa le sería 0002… Para las calles que pertenecieran a más de un Distrito Municipal, podrían tener un único cccc ya que el Distrito municipal las diferenciaría. Este nuevo Callejero habría de mantenerse en Internet a disposición de la ciudadanía. Luego se mandaría carta a cada representante de cada una de las fincas con la comunicación de que, de forma muy visible, se colocase cartel con el nuevo número de finca ddcccc   en la entrada de portal o lugar de acceso principal. Además de consabidos anuncios a la ciudadanía a través de los medios, la placas actuales en calles con la denominación nominal permanecerían un tiempo antes de ser eliminadas físicamente.",16,archived,12,0
48,7482,/proposals/7482-cambiar-nombre-de-la-estacion-metro-l1-iglesia-por-pintor-sorolla,MAD-2016-01-7482,Cambiar nombre de la Estación Metro l1 Iglesia por Pintor Sorolla,5465,2016-01-28,"En la Glorieta del Pintor Sorolla hay una estación de Metro de la l1 Iglesia. No se entiende en absoluto el nombre, totalmente fuera de lugar, cuando está a 100 metros el museo Sorolla de Madrid.","Localización de la parada de metro en plena Glorieta de Pintor Sorolla. Casa-Museo del Pintor Sorolla a apenas 100 metros calle martinez campos ¿por qué no se le da a la estación un nombre que realmente identifique la zona con la parada? Reforzará el turismo, la cultura y la identidad madrileña. Nos hemos dado cuenta que ya había otra propuesta sobre ello:  https: //decide. Madrid. Es/proposals/2310  .",35,archived,395,0
49,7488,/proposals/7488-libertad-horaria-para-locales-de-ocio-discotecas-legalizacion-de-afterhours,MAD-2016-01-7488,Libertad horaria para locales de ocio/discotecas. Legalización de afterhours,689,2016-01-28,Todas las grandes ciudades europeas comparten este rasgo en su ocio nocturno/ matinal: l libertad horaria controlada mediante licencias para cada franja horaria.,,15,archived,322,0
50,7633,/proposals/7633-prohibir-musica-a-traves-de-dispositivos-sin-auriculares-en-transporte-publico,MAD-2016-02-7633,Prohibir música a través de dispositivos sin auriculares en Transporte Público,16900,2016-02-02,"Todos los usuarios de Transporte Público hemos viajado en un vagón, autobús o asiento, cerca de personas con recursos para un teléfono inteligente pero no para los auriculares. Es incómodo y molesto.","La propuesta es prohibir y sancionar a todas aquellas personas que hagan uso de dispositivos móviles sin auriculares, ya sea para escuchar música o jugar videojuegos, pues incomodan al resto de usuarios, contaminan de forma acústica, no respetan el descanso del viaje o el silencio de la lectura y distan con su actitud de una convivencia en armonía, paradojicamente. En ningún caso se menciona en esta propuesta cualquier otro uso de funcionalidad lógica de un teléfono móvil, como llamadas o mensajes de cualquier tipo. Incluiría radios o videoconsolas, en general dispositivos sin auriculares.",10,archived,331,0
51,8188,/proposals/8188-crear-carriles-bici-con-separacion-de-los-demas-vehiculos,MAD-2016-02-8188,Crear carriles bicicleta con separación de los demás vehículos,89596,2016-02-23,"Crear carriles bicicletas independientes, con separación de los demás vehículos y aparcamientos propios, como en otros países Europeos.",,25,archived,4398,0
52,8253,/proposals/8253-mas-bibliotecas-con-puestos-de-estudio-y-24-horas,MAD-2016-02-8253,Más bibliotecas con puestos de estudio y 24 horas,90418,2016-02-23,"Es una vergüenza que en Madrid tengas que luchar por conseguir un puesto de estudio en una biblioteca pública, si los jóvenes somos el futuro, ayudarnos a seguir estudiando.","En la comunidad de Madrid hay muy pocas bibliotecas públicas y ningúna de ellas abierta 24 horas ni en época de exámenes. Los puestos de estudio son reducidos y muchas veces no tienen ni luz. Los jóvenes madrileños necesitamos estudiar, y aveces no tenemos la posibilidad. Además de que crear bibliotecas daría trabajo, fomentaría la cultura.  .",12,archived,715,0
53,8640,/proposals/8640-que-los-ninos-de-la-publica-utilicen-instalaciones-de-colegios-concertados,MAD-2016-02-8640,Que los niños de la pública utilicen instalaciones de colegios concertados,7769,2016-02-25,"Puesto que estos colegios reciben una subvención estatal, y dado que las instalaciones de muchos colegios públicos no son ni parecidas deberían de compartir las instalaciones.",,44,archived,185,0
54,10195,/proposals/10195-antenas-de-telecomunicaciones-lejos-de-guarderias-y-colegios,MAD-2016-04-10195,Antenas de telecomunicaciones lejos de Guarderías y Colegios,127882,2016-04-12,"La idea es que nuestros pequeños estén protegidos antes las radiaciones de las antenas de telecomunicaciones, sería sencillo de realizar por un pequeño equipo.","Nuestros pequeños son más sensibles a la radiación de los repetidores de telefonía. Las antenas de españa están cartografiadas por el ministerio de Industria y publicadas en esta herramienta Sería sencillo cruzar dicha información con todos los colegios y guarderías de Madrid y ver las que son ilegales, ya que según La Orden Ministerial 232002 que desarrolla el real decreto 10662001 exige realizar medidas en los puntos sensibles Colegios, parques, asilos etc. Que están a menos de 100 metros de la estación base, para garantizar que no se sobrepasan los niveles de referencia y especificados en el real decreto. Por ejemplo, el colegio público padre poveda tiene 3 antenas de telefonía móvil muy cerca.",44,archived,211,0
55,10675,/proposals/10675-politicas-publicas-de-empoderamiento-enfocadas-en-las-minorias-etnicas,MAD-2016-04-10675,Políticas públicas de empoderamiento enfocadas en las minorías étnicas,22342,2016-04-19,"Desde el ámbito institucional se deberían impulsar políticas para y con las minorías étnicas madrileñas en la búsqueda de empoderamiento y hacer una ciudad más justa, igualitaria y libre de racismo.",,31,archived,6,1
56,10687,/proposals/10687-una-app-para-ir-al-trabajo-compartiendo-coche-y-evitar-la-contaminacion,MAD-2016-04-10687,Una app para ir al trabajo compartiendo coche y evitar la contaminación,7939,2016-04-19,"Con un Blablacar urbano para nuestros desplazamientos de cada día, los conductores ahorran hasta el 75 de gastos y los pasajeros van tan rápidos y cómodos como en coche con chófer a precio de autobús.","Seis de cada diez españoles compartirían coche para ahorrar;  pero no saben con quién más pueden hacerlo y miles de coches que llevan solo al conductor causan todos los días innumerables problemas en la cuidad: Aprovechando en cada viaje los asientos vacíos del coche, para llevar a otras personas que van en la misma dirección, utilizaríamos los coches más eficientemente y se podrían retirar de la circulación cierto número de ellos, lo que mitigaría o solucionaría todos estos problemas. La gente está deseando ahorrar y ser más ecológica y eficiente, compartiendo sus viajes. Solo nos falta una especie de Blablacar urbano para nuestros desplazamientos de cada día.  Con la tecnología actual casi todo el mundo lleva un smartphone en el bolsillo hay soluciones e iniciativas en marcha, como https: //www. Dedocar. Org que podrían salir adelante con el apoyo del Ayuntamiento.",18,archived,8,0
57,10996,/proposals/10996-abonos-mensuales-de-20-para-todos-los-usuarios-del-transporte-publico,MAD-2016-04-10996,Abonos mensuales de 20€ Para todos los usuarios del transporte público,133074,2016-04-24,Abono mesual a 20€ para todos los Usuarios de transporte público de Comunidad de Madrid. Se evitaría contaminación en las ciudades.,"Según  lo anterior: Propongo  que si se le  ha dado la facilidad a los jóvenes  menores de 26 años a un abono mensual  al precio de 20€  El por qué también  sería  igual de económico  para todos los demás usuarios de transporte. Y  así se evitaría coger el coche en la ciudad, se utilizaria mucho más los transporte y se contaminaria  mucho menos nuestras ciudades.",37,archived,5259,0
58,11134,/proposals/11134-colegios-publicos-y-concertados-abiertos-en-julio-y-septiembre-act-ludicas,MAD-2016-04-11134,Colegios públicos y concertados abiertos en julio y septiembre actlúdicas,147230,2016-04-30,"Ya que los sueldos al profesorado se les abona en los meses de julio y septiembre, podrían asistir los niños que lo necesiten a los colegios, para desarrollar actividades lúdicas, deportivas y de ocio.","Ya que se les abona el sueldo al personal de los centros escolares, podrían acoger a los niños en los meses de julio y septiembre reduciendo así la barbaridad de vacaciones de las que disfrutan dicho personal para desarrollar actividades de ocio, deportivas y lúdicas, en el mismo horario que lo vienen haciendo durante el curso. Con esta propuesta las familias pueden conciliar vida laboral y profesional, ya que es complicado ajustar vacaciones a casi el mes en periodo navideño, los más de 10 días de Semana Santa, los casi 3 meses de verano, y sin contar puentes, acueductos, días no lectivos, etc. No es posible adecuar las vacaciones laborales a la barbaridad de días sin cole, sin llevar a las familias a la ruina económica, si tienes más de un hijo. Aprovechemos los recursos, que ya pagamos.",39,archived,261,0
59,12131,/proposals/12131-poner-letreros-de-prohibido-fumar-en-las-marquesinas-de-los-autobuse-de-madrid,MAD-2016-06-12131,Poner letreros de prohibido fumar en las marquesinas de los autobuse de Madrid,28334,2016-06-28,"Los/as fumadores nos atufan con cigarros y puros en las marquesinas de los autobuses, no te puedes resguardar de las inclemencias del tiempo a no ser que además te quieras tragar sus humos.",,14,archived,121,0
60,15711,/proposals/15711-stop-artefacto-valdebebas,MAD-2017-01-15711,Stop ARTEfacto Valdebebas,5964,2017-01-26,"Los vecinos de Valdebebas creemos que no es el momento ni el lugar de este proyecto, pues la zona no necesita ningún tipo de regeneración urbana, sólo desarrollarse como barrio.",,448,archived,3628,0
61,15970,/proposals/15970-chapas-identificativas-para-embarazadas-para-cederles-asiento,MAD-2017-02-15970,Chapas identificativas para embarazadas para cederles asiento,202531,2017-02-08,Chapas identificativas para que las embarazadas sean reconocidas como tal por los demás usuarios y hacer más fácil el cederles el asiento en el transporte público.,,10,archived,43,0
62,15978,/proposals/15978-pago-con-tarjeta-en-autobuses-emt,MAD-2017-02-15978,Pago con tarjeta en autobuses EMT,132523,2017-02-09,"En pleno siglo XXI solo puedes comprar un billete sencillo de autobús urbano si dispones de efectivo o un billete inferior a 10 euros, es necesario que se permita el pago con tarjeta.",,14,archived,727,0
63,15996,/proposals/15996-stop-artefacto-san-blas,MAD-2017-02-15996,Stop ARTEfacto San Blas,240358,2017-02-09,"Los vecinos de la zona San Blas donde está pensado desarrollarse el proyecto ARTEfacto creemos que no es el proyecto más necesario ya que en la zona no hay colegios, ni institutos, ni zonas deportivas.",,124,archived,1370,0
64,19024,/proposals/19024-no-cambio-contenedores-individuales-comunidades-por-permanentes-en-las-calles,MAD-2017-07-19024,No cambio contenedores individuales comunidades por permanentes en las calles,20648,2017-07-09,"No al cambio de contenedores individuales de las comunidades de vecinos a contenedores a pie de calle permanentes dado que generarán olores, bichos y otros inconvenientes.","El Ayuntamiento de Madrid sin previo aviso ni razón aparente ha comunicado que a partir del 24 de Julio de 2017 en Valdebebas se va a modificar el sistema de recogida de residuos sólidos y envases,  de contenedores individuales de dos ruedas que se ubican en las comunidades de Vecinos y que sacan a la calle los conserjes, a cubos de basura instalados permanentemente en la Vía Pública. La medida se adopta, dicen,  porque la estructura y amplitud de la calle es compatible con este sistema, que alegan más eficiente. Por ello no es de extrañar que esta medida sea adoptada proximamente en otros Paus como SANCHINARRO, las tablas montecarmelo ensanche de Barajas arroyo del fresno la dehesa cañaberal vallecas atalayuela Carabanchel y otras zonas de Madrid con estructura y amplitud de calle. La medida que parece que únicamente busca reducción de costes no ha tenido en cuentas muchas otras cosas, como: - Los problemas de Salubridad. Está claro, porque muchos lo hemos vivido, que los cubos permanentes en la calle generan olores, bichos y otros inconvenientes. En otro caso se se habrían impulsado medidas de soterramientos en algunos lugares. - Los costes que se ha hecho incurrir a los Vecinos de las comunidades que sin apenas haber nacido se les ha obligado a crear cuartos de basura que ahora quedarán en desuso. - Reduce y elimina plazas de aparcamiento en la calle  Adjunto enlace a una noticia donde se ve los probelamas que están causando los nuevos contenedores. Son muy gráficas las fotografias de lo que muy probablemente suceda en nuestros barrios. Si estás de acuerdo con que no se debe cambiar el sistema y se ha de mantener el sistema actual, vota está propuesta y haz que la conozcan otros vecinos de Madrid para que opinen. Muchas gracias.  .",71,archived,3673,0
65,19170,/proposals/19170-operaciones-gratuitas-para-transexuales-cuanto-antes-mejor,MAD-2017-08-19170,Operaciones gratuitas para transexuales cuanto antes mejor,315455,2017-08-14,"Operaciones que cubra la Seguridad Social para transexuales en cuanto se detecte la transexualidad, es decir en torno a los 6-9 años para el correcto desarrollo de estas personas.","En la actualidad la operación para un transexual puede ser muy costoso, y esa persona tiene que ahorrar durante un largo periodo de su vida para costearse una operación de cambio de sexo. La persona en si no puede desarrollarse correctamente, puesto que no se identifica con su cuerpo. Los transexuales detectan que son personas con un cuerpo que no les corresponde a una corta edad 6 años aprox, que es cuando se tiene uso de razón estas personas pasan habitualmente una infancia desgraciada por no identificarse con su cuerpo y se les obliga, si la famila o su círculo no tiene dinero, a esperar media vida para poder realizar la operación de cambio de sexo.",38,archived,24,0
66,19853,/proposals/19853-creacion-de-una-nueva-linea-de-metro-circular,MAD-2017-10-19853,Creación de una nueva línea de metro circular,495280,2017-10-20,"Esta línea daría servicio a los barrios de Imperial, Arganzuela Entrevías, Madrid Este, Castilla y a la c Universitaria; a la zona de Madrid Río y a otras calles como Arturo Soria o Pablo Neruda.","Tendría una de las estaciones principales en el Intercambiador de Príncipe Pío. Continuaría bajo el campo del moro y el Parque de Atenas. Seguría por la calle Imperial con Ronda de Segovia para tener correspondencia con la futura estación de Cercanías Renfe que se construirá allí. Continuará hasta la glorieta de Pirámides, donde tendrá otra estación. Continuaría por el Paseo de las Yeserías hasta el Puente de Praga.  Bajo la calle Santa María de la cabeza, tendría otra estación, en la Glorieta de Santa María de la Cabeza,  y antes de llegar a la glorieta de Carlos V giraría para tomar la calle de Murcia y desembocar en la estación de Atocha. Tras esto, continuaría por la calle Méndez Álvaro teniendo estaciones bajo la calle Comercio y en el Intercambiador de Méndez Álvaro. Seguría hasta la calle San Diego y continuaría por esta hasta la Asamblea de Madrid,  donde habría otra estación. Después, seguría por la calle Pablo Neruda, donde habría una estación bajo la Avenida Buenos Aires, y continuaría hasta la estación de Alto del Arenal, donde tendría correspondencia con la línea 1. Seguría por la calle Fuente Carrantona, donde tendría una estación junto al puente sobre la A-3 Continuaría por esta calle pasando por la estación de Pavones y cruzando la Avenida del Doctor García Tapia, para llegar a la glorieta de Alsacia y tomar la calle de Hermanos García Noblejas. Tras esto, tendría una estación junto a la calle Arcos de Jalón, continuaría hasta las estaciones de García Noblejas y Ciudad Lineal. Seguría por la calle Arturo Soria, teniendo estaciones bajo el cruce de la calle del Marqués de Portugalete, en la estación de Arturo Soria y la creación de una nueva estación en la calle Costa Rica con correspondencia con la línea 8 Tras esto, cruzaría la M-30 para llegar a la zona de la calle de Pío XII Norte, donde tendría una estación para dar servicio al barrio de Castilla. Continuaría hasta la estación de Chamartín, y seguiría por la calle Sinesio Delgado, teniendo parada al lado del Hospital Carlos III estación del Barrio del Pilar, calle Betanzos y la estación de Valdezarza. Después, continuaría por la calle Isla de Alegranza para llegar a la Dehesa de la Villa. Tras atravesarla, llegaría a la Ciudad Univesitaria, donde tendría una estación en el Paraninfo y otra en la estación de Ciudad Universitaria. Tras esto, giraría a la calle arquitecto López Otero y llegaría a la Calle Martín Fierro, donde tendría una estación junto al Consejo Superior de Deportes. Después tomaría la calle Avenida de Valladolid teniendo una estación junto al Puente de los Franceses y en la Ermita de San Antonio de la Florida, donde tomaría el Paseo de la Florida para llegar de nuevo a Príncipe Pío.   En negrita:  Nombre de las estaciones.   Esta línea pretende dar mejor servicio al barrio de Imperial, además de ser el único servicio de transporte público que conectaría la mayor parte del Madrid Río. También pretende dar servicio a la calle de Santa María de la Cabeza. También conctaría el barrio de Entrevías con el centro de forma rápida. Uno de los puntos fuertes de esta línea sería que conectaría todas las líneas que se alargan por el este de Madrid, sin necesidad de tener que retroceder a la línea 6 y que además, sería otra línea de metro con la que poder llegar al nuevo estadio del Atletico de Madrid, el Wanda Metropolitano. Daría también un mejor servicio a la zona de Chamartín y conectaría la parte norte de las líneas 7 y 9 con Chamartín. Conectaría mejor el barrio de Valdezarza y daría mejor servicio a la Ciudad Universitaria. Además, también descongestionaría la línea 6 en la zona de Ciudad Univesitaria y lalínea 5 ya que esta línea también haría un recorrido oeste-este.  .",18,archived,465,0
67,19914,/proposals/19914-incineradora-de-valdemingomez-no,MAD-2017-10-19914,Incineradora de Valdemingómez no,40265,2017-10-25,No a la renovación en 2020 del contrato de la incineradora de Las Lomas en el Parque Tecnológico de Valdemingómez por sus efectos sobre la salud de la población que reside o trabaja a menos de 10 km.,"Propuesta apoyada por la alianza incineradora de valdemingómez no formada por más de 30 entidades Numerosos estudios han mostrado los efectos cancerígenos y el aumento de enfermedades y malformaciones en fetos en espacios habitados situados a menos de 10 km de una incineradora. La incineradora de Valdemingómez afecta en ese radio principalmente a las poblaciones de Villa de Vallecas, Rivas, Entrevías, Puente de Vallecas, Vicálvaro, Villaverde, Getafe, Perales del Río, … Aunque estas son las poblaciones a las que la incineración afecta de manera directa, es la incineración de la basura de todos y todas las vecinas y vecinos de Madrid las que producen estos efectos, por lo que este no es sólo un problema del sureste de la capital. Entre los cánceres que los resultados de diversos estudios han arrojado están el aumento de cáncer de vesícula, de pleura, de estómago, páncreas, colon o linfoma no Hodgkin, entre otros. En cuanto a sus efectos en los fetos, aumenta el riesgo de nacer con espina bífida, cardiopatías y anomalías congénitas como labio leporino o displasia renal.",140,archived,16306,0
68,20389,/proposals/20389-arborizacion-masiva-en-madrid,MAD-2017-12-20389,Arborización masiva en Madrid,472126,2017-12-20,"Sembrar árboles nativos de la región de Madrid para mejorar la calidad del aire, mantener un estilo de vida natural y mejorar la estética urbana con seres vivos.",,312,archived,20604,0
69,20657,/proposals/20657-moratoria-turistica-en-el-centro-de-madrid,MAD-2018-01-20657,Moratoria turística en el centro de Madrid,507707,2018-01-16,"Se propone la redacción de un Plan Especial de Ordenación Turística de la Ciudad y una moratoria en la concesión de licencias tanto de pisos turísticos, como de hoteles, etc. , durante el proceso.","La  redacción del Plan Especial de Ordenación Turística de la Ciudad será el resultado de un proceso participativo y vinculante, abierto a todos los agentes interesados y ciudadan@s de Madrid. Previamente a la elaboración del plan, las administraciones responsables realizarán un censo completo del número y tipo de plazas turísticas existentes en toda la ciudad.   La moratoria en la concesión de nuevas licencias de apertura de plazas turísticas tendrá las siguientes precisiones:             El objetivo es frenar la transformación de nuestra ciudad provocada por el impacto del monocultivo del turismo e intereses económicos insensibles a las consecuencias que generan en la convivencia, la economía y en el acceso a derechos básicos como la vivienda o el uso del espacio público.   En los últimos años la presión turística ha ido acelerándose y las administraciones no han sabido o no han podido actuar con la misma celeridad. Este proceso está provocando un cambio del modelo de ciudad, que modifica y estratifica sus usos sin una reflexión y un planeamiento previos. Así, estamos viendo transformaciones masivas de residencial a turístico, de habitable a visitable, convirtiendo la ciudad en una suerte de escaparate que conlleva la subida del precio de la vivienda en toda la ciudad, la expulsión de las vecinas y vecinos, la pérdida e imposibilidad de regeneración de vínculos y redes vecinales.   Además, este modelo turístico se está construyendo sobre una creciente precariedad laboral en el sector, en torno a una nueva burbuja  inmobiliaria y sin tener en cuenta a las vecinas y vecinos que habitamos y damos sentido a la ciudad de Madrid.   Mientras, se está produciendo un debate en la sociedad que debería dar lugar a algún tipo de actuación desde las administraciones públicas. La moratoria es la oportunidad de que esas actuaciones sean el  resultado de un proceso meditado, transparente y participado; es decir, democrático, que permita la redacción de un Plan Especial consensuado que regule la actividad turística en nuestra ciudad.   Este proceso de análisis, debate, redacción y aprobación del Plan Especial que se  producirá durante el desarrollo de la moratoria permitirá:    .",188,archived,11791,0
70,21171,/proposals/21171-retirada-de-la-prohibicion-del-uso-de-monopatin-en-la-via-publica,MAD-2018-02-21171,Retirada de la prohibición del uso de monopatín en la vía pública,203753,2018-02-14,"Es inaudito, pero el primer borrador de la Ordenanza de Movilidad Sostenible de Madrid prohibe circular en monopatín por calzadas, aceras, zonas peatonales y vías ciclistas.","El Ayuntamiento de Madrid ha presentado el primer borrador de la futura Ordenanza de Movilidad Sostenible que debe sustituir a la que hay vigente desde el 2005 En la presentación de dicho borrador por parte de la delegada de Medio Ambiente y Movilidad, Inés Sabanés, se han presentado muchas novedades, de entre las que destaca una de polémica para los deportes de acción:  relegar el skate para el uso deportivo. O lo que es lo mismo, la prohibición del skate en la calle Concretamente, el borrador dice que los monopatines solo tendrán uso de carácter deportivo y no podrán circular por calzadas, aceras, zonas peatonales y vías ciclistas.  En otras palabras: solamente podrán usarse en skateparks, algo que no abunda precisamente en la capital. Todo ello pasará a ser vigente cuando se apruebe -previsiblemente- en la Junta de Gobierno que Ahora Madrid y Manuela Carmena tienen prevista para antes de Semana Santa.",30,archived,1350,0
71,21567,/proposals/21567-sanciones-significativas-para-los-vecinos-ruidosos,MAD-2018-02-21567,Sanciones significativas para los vecinos ruidosos,225756,2018-02-26,Sanciones elevadas para vecinos ruidosos reincidentes.,,8,archived,118,0
72,22742,/proposals/22742-derecho-a-jugar-para-un-madrid-mas-amigable-con-la-infancia,MAD-2018-05-22742,Derecho a jugar: para un Madrid más amigable con la infancia,563986,2018-05-25,"Queremos mejorar los espacios públicos para que puedan jugar niños y niñas. Proponemos parques limpios, creativos, volver a jugar en plazas y calles como antes y crear red de ludotecas públicas.","Los niños y las niñas necesitan tiempo y espacios para jugar. Jugar no es un lujo, es una necesidad Kay Redfield. Jugar es fundamental para la salud, el desarrollo y el bienestar de los niños y niñas. Jugar es un derecho estipulado por la Convención sobre los Derechos del Niño de las Naciones Unidas art 31 sin embargo, es uno de los más olvidados y desatendidos. Hoy en día los niños y niñas juegan la mitad del tiempo de lo que jugaban sus padres a su edad, con consecuencias en su salud física y mental. Por todo ello, proponemos estas medidas concretas para garantizar el derecho a jugar en Madrid. Jugar al aire libre En parques, plazas, calles y patios jugar bajo techo derecho al juego para todas y todos.",155,archived,15012,0
73,23131,/proposals/23131-preferencia-circulatoria-de-las-bicis-sobre-los-coches,MAD-2018-06-23131,Preferencia circulatoria de las bicicletas sobre los coches,282105,2018-06-26,"Siempre se dice que en Madrid, por calles estrechas, es muy difícil implementar carriles bicicleta. En Amsterdam y Holanda en general han solucionado dando preferencia circulatoria sobre los coches.","  No sé si puede corresponder al gobierno de la ciudad legislar este tipo de cosas, pero estuve viviendo en Amsterdam y en las calles conflictivas, esa preferencia marcaba la diferencia en las calles céntricas y extremadamente estrechas de Amsterdam, que eran carril bicicleta por definición y por donde también se dejaba circular coches. Si no me equivoco, incluso tenían preferencia sobre los peatones. El orden era: tranvías, bicicletas, peatones, coches. Allí funciona perfectamente y resuelve el problema de falta de espacio para carriles bicicletas.   Tema con el que, por cierto, ya estaría bien de hacer populismo y gastar dinero en algunos carriles bicicleta que sólo suman para las estadísticas y no para la circulación.  .",21,archived,179,0
74,23219,/proposals/23219-no-al-cierre-de-las-presas-de-madrid-rio-para-uso-de-embarcaciones-recreativas,MAD-2018-07-23219,No al cierre de las presas de Madrid Río para uso de embarcaciones recreativas,84361,2018-07-03,"Mantener el río con su cauce natural con la fauna que ya había recuperado, que no se vuelva a represar para el uso y disfrute de unos pocos, no es bueno para la ciudad un río estancado.","Pedimos que no se represe el río de nuevo para el uso y disfrute de unos pocos, el cierre de las presas volverá a generar la misma suciedad que tenia anteriormente y la perdida de la fauna que había recuperado recientemente.",166,archived,13001,0
75,23704,/proposals/23704-no-mas-carteles-de-miedo-y-violencia-en-madrid,MAD-2018-10-23704,No más carteles de miedo y violencia en Madrid,589187,2018-10-18,Proponemos que el Ayuntamiento prohíba pegar carteles publicitarios de películas de terror no recomendadas para menores.,"Escribo esta petición con mi hijo Tomás, de 6 años y medio. Los espacios publicitarios de gran formato del metro y las paradas de autobuses de Madrid exponen carteles de películas de terror no recomendadas para menores. Este otoño, por ejemplo, Venom, La monja, La noche de Halloween y Cadáver. Pasar por delante de una parada de autobús o usar el metro se convierte en un momento de terror indeseado. Aunque en casa puedo evitar exponer a mi hijo a imágenes de miedo y violencia innecesaria, es necesaria la intervención pública para garantizar el disfrute de la ciudad libre de miedo. Proponemos al Ayuntamiento de Madrid que prohíba pegar carteles publicitarios de terror en los espacios públicos. El interés superior del menor establecido en la Convención de los Derechos del Niño de 1989 implica garantizar los derechos de la infancia por encima de los intereses comerciales. El Ayuntamiento de Madrid es la administración competente para regular la publicidad en la calle y es responsable de tutelar estos derechos de la infancia. Gracias por el apoyo y difusión, .",68,open,148,0
76,24954,/proposals/24954-regular-vtc-con-dias-de-descanso-y-maximo-de-horas,MAD-2018-12-24954,Regular VTC Con días de descanso y máximo de horas,52082,2018-12-08,"Regular las VTC Con al menos un día a la semana de descanso obligatorio y fines de semanas alternos que libren también, además de un máximo de horas trabajadas al día. Los taxis cumplen está normativa.",,127,open,1196,0
77,25077,/proposals/25077-medidas-mas-restrictivas-de-calidad-del-aire,MAD-2018-12-25077,Medidas más restrictivas de calidad del aire,174310,2018-12-12,Propongo ser más restrictivos con el control de la calidad del aire y la contaminación generada por los vehículos de motor. Creo que en la actualidad se quedan cortas y seguimos igual.,,16,open,24,0
78,26277,/proposals/26277-no-a-la-construccion-de-1200-viviendas-sociales-de-la-emvs-en-el-canaveral,MAD-2019-02-26277,No a la construcción de 1200 viviendas sociales de la EMVS en el Cañaveral,580067,2019-02-21,La vivienda social debe repartirse equitativamente entre todos los barrios de Madrid que ya están consolidados y disponen de los recursos y servicios necesarios para garantizar la integración social.,,39,open,904,0
79,26787,/proposals/26787-no-quitar-madrid-central,MAD-2019-05-26787,No quitar Madrid central,142317,2019-05-28,"Si se quita Madrid central se reciben más sanciones de la unión europea y los madrileños no queremos eso, queremos que se invierta en proyectos que están parados como la operación Chamartín.",,65,open,2459,0
